goals:
- id:
    id: 0
  orientation:
    w: 0.7206521456840473
    x: 0.0
    y: 0.0
    z: -0.6932968231003072
  position:
    x: -0.0628909170627594
    y: 2.950725555419922
    z: 0.2
