goals:
- id:
    id: 0
  orientation:
    w: 0.5503853204663344
    x: 0.0
    y: 0.0
    z: -0.8349107730860649
  position:
    x: 3.940006732940674
    y: 6.534302711486816
    z: 0.2
- id:
    id: 1
  orientation:
    w: 0.6125058723671157
    x: 0.0
    y: 0.0
    z: -0.790466037420836
  position:
    x: 3.6897737979888916
    y: 7.790228366851807
    z: 0.2
