initial_pose:
- orientation:
    w: 0.9999998949216214
    x: 3.3230431987489087e-05
    y: 0.0004442570252144986
    z: -0.00010811188674537308
  position:
    x: -0.028834224852318218
    y: -0.001856832628511053
    z: 0.03769998503547012
