current_pose:
- orientation:
    w: 0.9973768624389083
    x: 0.00025453232720039294
    y: 0.0010408600856214737
    z: -0.07237572863257043
  position:
    x: -0.021855641454498947
    y: -0.0023295401004997
    z: 0.03769991342749767
initial_pose:
- orientation:
    w: 0.9999998449730146
    x: 4.038299814600188e-05
    y: 0.0005515159453391244
    z: 6.521749955837653e-05
  position:
    x: 0.002395595434009298
    y: -0.000330600131211384
    z: 0.03769997694263291
