current_pose:
- orientation:
    w: 0.9607260754193061
    x: 0.0006350804310144825
    y: 0.000358119068860768
    z: 0.2774975250934617
  position:
    x: 49.13175423467444
    y: 47.958701225837416
    z: 0.03769995991913782
initial_pose:
- orientation:
    w: 0.9999999179099864
    x: 3.188567311331642e-05
    y: 0.00040063442758013154
    z: 5.153037695764862e-05
  position:
    x: 49.11644381849756
    y: 47.99813756066526
    z: 0.03769998782104209
