initial_pose:
- orientation:
    w: 0.6706468189884777
    x: -0.00034296818996728244
    y: 0.0005327063606485277
    z: 0.7417765450439844
  position:
    x: 13.224750171376561
    y: 25.984914811794816
    z: 0.037699969734195246
