initial_pose:
- orientation:
    w: 0.8693773222718862
    x: 0.0015984056452404492
    y: -0.0035574643449435674
    z: 0.4941334445938592
  position:
    x: 3.0891589378997297
    y: 1.6711817044957848
    z: 0.03769885313183081
