initial_pose:
- orientation:
    w: 0.9999998667019793
    x: 3.738813492371333e-05
    y: 0.0004433802833922412
    z: -0.00026193906775737457
  position:
    x: 0.00046628811213830865
    y: -0.0001744969404213029
    z: 0.037699985072010285
