initial_pose:
- orientation:
    w: 0.671265634941112
    x: -0.0007931535597082727
    y: 0.0005315190177630034
    z: 0.7412162543698502
  position:
    x: 13.233916021585097
    y: 25.9800899680652
    z: 0.03769993126498032
