initial_pose:
- orientation:
    w: 0.9999998519121617
    x: 3.738064896518371e-05
    y: 0.0005416560825397667
    z: -3.724285154404259e-05
  position:
    x: -0.0003532743504588565
    y: -0.0001099389178119074
    z: 0.037699977772937696
