initial_pose:
- orientation:
    w: 0.6726041591763031
    x: -0.0018539553328126759
    y: -0.00037745633617210304
    z: 0.7400000442128883
  position:
    x: 13.2356083065842
    y: 25.987630346930352
    z: 0.03769973009637591
