initial_pose:
- orientation:
    w: 0.9999998803927842
    x: 3.14835827204722e-05
    y: 0.0004841974256504326
    z: 6.144960841170173e-05
  position:
    x: 0.0031134216954712707
    y: -0.0006033711888727075
    z: 0.037699982247947426
