initial_pose:
- orientation:
    w: 0.9999999517199227
    x: 2.8020910741172954e-05
    y: 0.0002942019041981574
    z: -9.602197890950621e-05
  position:
    x: 0.0024607732486588495
    y: -0.00028849782066163584
    z: 0.037699993414569144
- orientation:
    w: 0.9999999171027335
    x: 4.398158105831292e-05
    y: 0.0003954881767173476
    z: -8.630903069849865e-05
  position:
    x: 0.0015778031345613868
    y: -0.00040598707193474566
    z: 0.03769998806076609
