current_pose:
- orientation:
    w: 0.9949353540103377
    x: 0.001348207338712921
    y: 0.0018084968030249937
    z: 0.10049155694191013
  position:
    x: 49.10236821608877
    y: 48.01173920980281
    z: 0.03706069680716154
initial_pose:
- orientation:
    w: 0.9999997699539227
    x: -2.290598617624059e-06
    y: 0.0006701451537498159
    z: 0.00010484430269753779
  position:
    x: 49.098267934952574
    y: 47.99794889119039
    z: 0.037699966137877045
