current_pose:
- orientation:
    w: 0.7863711274173025
    x: 0.0008621896433462068
    y: -0.0009804256811771054
    z: 0.6177529808579989
  position:
    x: 13.24017257950538
    y: 25.880427318324084
    z: 0.03706154920832376
initial_pose:
- orientation:
    w: 0.671915230707769
    x: -0.003047457765534712
    y: -0.003175985151556126
    z: 0.7406149801768863
  position:
    x: 13.239446974649656
    y: 25.987821492589035
    z: 0.03769853920940913
