initial_pose:
- orientation:
    w: 0.9999998957254137
    x: 1.1327526587340082e-05
    y: 0.0004515068954402379
    z: 6.754533554331083e-05
  position:
    x: 0.0019051888880106276
    y: 8.915122495890282e-05
    z: 0.037699984619396075
