initial_pose:
- orientation:
    w: 0.6738767835898656
    x: -0.003594746650297228
    y: -0.002926394333296379
    z: 0.7388292052641827
  position:
    x: 13.240285034533054
    y: 25.98629651134103
    z: 0.03769837995655956
