initial_pose:
- orientation:
    w: 0.9999998421057388
    x: 6.550088719258275e-05
    y: 0.0005541109369508346
    z: -6.677724815763366e-05
  position:
    x: -0.00137638250901796
    y: 0.0010595792388326866
    z: 0.037699976525771034
