initial_pose:
- orientation:
    w: 0.6701467666388412
    x: -0.0001806818825504123
    y: 0.000476203696439833
    z: 0.7422284363641716
  position:
    x: 13.224305457236495
    y: 25.983857398293868
    z: 0.037699980440040894
