initial_pose:
- orientation:
    w: 0.6723161726848823
    x: -0.0013919402869743236
    y: -0.0007099988039059243
    z: 0.7402624685544226
  position:
    x: 13.235841884507686
    y: 25.979053290947547
    z: 0.03769981590365676
