initial_pose:
- orientation:
    w: 0.9999999179099864
    x: 3.188567311331642e-05
    y: 0.00040063442758013154
    z: 5.153037695764862e-05
  position:
    x: 49.11644381849756
    y: 47.99813756066526
    z: 0.03769998782104209
