current_pose:
- orientation:
    w: 0.8617751738161262
    x: 0.005657604537388534
    y: -0.0071409156057209945
    z: 0.5072085849326644
  position:
    x: 3.353291355444788
    y: 4.618981040923412
    z: 0.037693741712174864
initial_pose:
- orientation:
    w: 0.855057381484546
    x: 0.005565159489910482
    y: -0.007182475479339054
    z: 0.5184537736526103
  position:
    x: 3.401873645932885
    y: 4.727318636020867
    z: 0.03769377505485637
