current_pose:
- orientation:
    w: 0.9911973223266212
    x: -0.0007109192368125181
    y: 0.0005596228688667993
    z: 0.13238976406285907
  position:
    x: 49.107460637254455
    y: 48.049014533379925
    z: 0.0374025517302908
initial_pose:
- orientation:
    w: 0.9999980017842671
    x: -0.0019941894681660367
    y: 6.13718081503756e-05
    z: 0.00012597356563131222
  position:
    x: 49.104242386527254
    y: 47.999858147100355
    z: 0.03769969986591672
