initial_pose:
- orientation:
    w: 0.9999998751611215
    x: 2.6290921469148795e-05
    y: 0.0004945095742143968
    z: 6.668440455114734e-05
  position:
    x: 0.00018816288034517774
    y: 0.0002694828410172089
    z: 0.03769998150958777
