initial_pose:
- orientation:
    w: 0.9999998610623422
    x: 4.8011743490140484e-05
    y: 0.0005247986362038115
    z: 1.2512402895244338e-05
  position:
    x: 0.0008350114202091812
    y: 0.0008126146811993535
    z: 0.0376999790600073
