initial_pose:
- orientation:
    w: 0.9999998906835337
    x: 4.890153688474507e-05
    y: 0.00045438950920302906
    z: 9.885208305944381e-05
  position:
    x: -0.01635823974136183
    y: 0.0003243982205087451
    z: 0.03769998425186654
