initial_pose:
- orientation:
    w: 0.6727024035710715
    x: -0.003500242824961006
    y: -0.0032750971837582398
    z: 0.7398976268838188
  position:
    x: 13.239845589484673
    y: 25.989457115786987
    z: 0.03769826746171069
