initial_pose:
- orientation:
    w: 0.9999999106296821
    x: 3.214323858821368e-05
    y: 0.0004210025764967001
    z: 2.1546943290071006e-05
  position:
    x: 0.0006917239891694888
    y: 0.000373719354401867
    z: 0.03769998655796266
