initial_pose:
- orientation:
    w: 0.9999998559968094
    x: 5.406390568610634e-05
    y: 0.000476451363827827
    z: -0.0002409928472203841
  position:
    x: -0.0022758853103496267
    y: -9.175954250076814e-05
    z: 0.037699982663367874
