initial_pose:
- orientation:
    w: 0.9999998907128382
    x: 0.000196985607930444
    y: 0.0002599314260829357
    z: 0.00033497258929628885
  position:
    x: -0.1314471872311077
    y: 0.006481366762716706
    z: 0.03769999197987724
