initial_pose:
- orientation:
    w: 0.9999998415295476
    x: 3.6614162726656726e-05
    y: 0.0005616531184593845
    z: 1.2085420935569541e-05
  position:
    x: 49.11641424777691
    y: 47.998842238757874
    z: 0.037699976113670396
