initial_pose:
- orientation:
    w: 0.999999904197732
    x: 5.62114340233701e-05
    y: 0.0004257998207969066
    z: -8.449446194484745e-05
  position:
    x: -0.0012686359253512441
    y: -0.0003422423475701356
    z: 0.037699986091322954
