current_pose:
- orientation:
    w: 0.9961137721997972
    x: 0.0009381748177882448
    y: 0.00036771750663099734
    z: 0.08807007122591082
  position:
    x: -0.033718485287718654
    y: -0.02518205875031003
    z: 0.036499015576056684
initial_pose:
- orientation:
    w: 0.9999998020001583
    x: 2.493041474583379e-05
    y: 0.0006224512763887187
    z: 8.906473593806097e-05
  position:
    x: -0.017124651085362104
    y: -0.00026682866714161445
    z: 0.037699970739739366
