initial_pose:
- orientation:
    w: 0.6701351094240555
    x: 7.41701734819942e-05
    y: 0.0010634534064580242
    z: 0.7422383705271823
  position:
    x: 13.222240643342523
    y: 25.987947167413306
    z: 0.03769991431284908
