current_pose:
- orientation:
    w: 0.997859932116328
    x: 0.0002657045653119094
    y: 0.0008336777582822683
    z: -0.06538188020603845
  position:
    x: -0.016151335315170316
    y: -0.01692122255360012
    z: 0.03769994227243893
initial_pose:
- orientation:
    w: 0.9999998228153641
    x: 3.200800688740839e-05
    y: 0.0005943252172499058
    z: 1.1057305853549421e-05
  position:
    x: -0.011115400428812365
    y: 0.0020293643791117096
    z: 0.037699973289777984
