initial_pose:
- orientation:
    w: 0.9999998386146322
    x: 4.627999030816552e-05
    y: 0.0003807459252335462
    z: -0.00041911980697226535
  position:
    x: -0.0021375388227397657
    y: -0.0007206035107927857
    z: 0.03769998890795899
