initial_pose:
- orientation:
    w: 0.9999891798953742
    x: -0.0022137569950506017
    y: 0.0027169565045307978
    z: 0.003059006292304702
  position:
    x: 49.105999636917964
    y: 48.00368883187627
    z: 0.03769907389401988
