initial_pose:
- orientation:
    w: 0.9999998592569528
    x: 7.809035761774732e-05
    y: 0.00043551358311722465
    z: 0.0002927727610280545
  position:
    x: -0.022839513529231515
    y: -0.001257995732078222
    z: 0.03769998523892804
