initial_pose:
- orientation:
    w: 0.9999998985208446
    x: 4.354055442085191e-05
    y: 0.00044769680105261034
    z: -2.5101692224635616e-05
  position:
    x: -0.0004159899539024342
    y: -0.0007551416252440408
    z: 0.03769998474445331
