initial_pose:
- orientation:
    w: 0.6725712035344933
    x: -0.0014361139342932063
    y: -0.0006810525458001896
    z: 0.7400307087684678
  position:
    x: 13.233431495912802
    y: 25.980216583515094
    z: 0.0376998095203125
