current_pose:
- orientation:
    w: 0.9958826602643143
    x: 0.0001968926144792478
    y: 0.0007152833409450823
    z: -0.09064864360768467
  position:
    x: -0.016390103826678725
    y: 0.0732116883324296
    z: 0.037699958500069256
initial_pose:
- orientation:
    w: 0.9999998911433552
    x: 4.440562307874725e-05
    y: 0.00044310291248636534
    z: -0.0001392882885166785
  position:
    x: -0.00011915017030769736
    y: -0.0002510496883790965
    z: 0.037699985047271393
