initial_pose:
- orientation:
    w: 0.6724537378099551
    x: -0.0026144331079818784
    y: -0.0007811721885533626
    z: 0.7401341263682927
  position:
    x: 13.235004461337766
    y: 25.986345089763205
    z: 0.037699438610018995
