current_pose:
- orientation:
    w: 0.7591407538914751
    x: 0.0007446634880558742
    y: -0.0009648636794072748
    z: 0.650925364612144
  position:
    x: 13.312984368138114
    y: 25.834064350722805
    z: 0.03691535448858982
initial_pose:
- orientation:
    w: 0.6716021086963478
    x: -0.0014228200321458283
    y: -0.00015565863364131661
    z: 0.7409106281787061
  position:
    x: 13.235198296394291
    y: 25.987696504460327
    z: 0.037699845532057366
