initial_pose:
- orientation:
    w: 0.9999958298359523
    x: 0.0008299015047821852
    y: 0.0027391840424749853
    z: -0.0003852855810618706
  position:
    x: -1.6141758767011416
    y: 0.0072023499764518415
    z: 0.03769938233332425
