initial_pose:
- orientation:
    w: 0.9999998960180426
    x: 3.269999617505655e-05
    y: 0.0004485244721450795
    z: 7.563340532570445e-05
  position:
    x: 0.0009849264613463382
    y: 0.0005285324069338041
    z: 0.0376999847508407
