initial_pose:
- orientation:
    w: 0.8781460121967875
    x: 0.0059763214914947075
    y: -0.007036892341895111
    z: 0.4783036138170801
  position:
    x: 3.1121777907462436
    y: 4.5333394680509596
    z: 0.037693573335860944
