initial_pose:
- orientation:
    w: 0.9999998692560275
    x: 4.6169570437844446e-05
    y: 0.0005027615145034946
    z: 8.116130991263605e-05
  position:
    x: 0.0015434362575397012
    y: 0.0002114427946151632
    z: 0.03769998078048195
