current_pose:
- orientation:
    w: 0.7980064291926224
    x: -0.0021908076789724546
    y: -0.00031649326140058807
    z: 0.6026448698536887
  position:
    x: 13.341187787679733
    y: 25.860546049074248
    z: 0.03769971916521937
initial_pose:
- orientation:
    w: 0.6720132066491925
    x: -0.00169060891207526
    y: -0.000620676642724605
    z: 0.7405369718596644
  position:
    x: 13.23446519147237
    y: 25.981321710411045
    z: 0.037699755447791666
