initial_pose:
- orientation:
    w: 0.9999998104341155
    x: 7.098054376185408e-05
    y: 0.0005804041240484935
    z: 0.00019293664352270756
  position:
    x: -0.02515914040132883
    y: -0.0021169758655100977
    z: 0.03769997422019826
