initial_pose:
- orientation:
    w: 0.999999973510216
    x: 3.248313121986372e-05
    y: 0.00022696853113295538
    z: -2.0241030692142595e-05
  position:
    x: -0.000589708123477049
    y: 0.000379286277565692
    z: 0.037699996036231954
