current_pose:
- orientation:
    w: 0.99818775360414
    x: 0.00039572244986439426
    y: 0.0009983369373804249
    z: -0.06016689523170436
  position:
    x: -0.051007077652437255
    y: 0.07393914954644333
    z: 0.03715405981817487
initial_pose:
- orientation:
    w: 0.9999998964690155
    x: 2.350715966568308e-05
    y: 0.0004456627006437931
    z: -8.884890992067807e-05
  position:
    x: -0.0017119780053145908
    y: 0.00016899291522514138
    z: 0.03769998498274566
