initial_pose:
- orientation:
    w: 0.9999999008693548
    x: 4.800568961096863e-05
    y: 0.00043955521012522674
    z: 5.242090843806077e-05
  position:
    x: -0.0007405067806001858
    y: 0.0009855032608082053
    z: 0.037699985258294995
