initial_pose:
- orientation:
    w: 0.9999998633155712
    x: 3.9284395236357896e-05
    y: 0.0005182426014891358
    z: 5.7010360215302395e-05
  position:
    x: 0.003136307621190468
    y: -0.0002999901910928251
    z: 0.03769997963305321
