initial_pose:
- orientation:
    w: 0.99999994777477
    x: 1.0679008595822265e-05
    y: -0.00029986627818039325
    z: 0.00012006927756599725
  position:
    x: -0.015345743958694725
    y: 0.0008644846488123145
    z: 0.03769999321144952
