initial_pose:
- orientation:
    w: 0.9999971085301546
    x: -0.002248800432828497
    y: 0.0007582385910092269
    z: 0.0003884613013404096
  position:
    x: 49.10687844583021
    y: 47.999987274053986
    z: 0.03769957534500226
