initial_pose:
- orientation:
    w: 0.8676003001483347
    x: 0.005103239026342557
    y: -0.00635008156682656
    z: 0.4971954873066069
  position:
    x: 2.997267507424759
    y: 4.3059376005892975
    z: 0.03769499595953132
