initial_pose:
- orientation:
    w: 0.9999980991120846
    x: -0.0019473595655878373
    y: 9.095375244813221e-05
    z: 3.5921507804676025e-05
  position:
    x: 49.10639062815072
    y: 47.99992864794431
    z: 0.03769971344366754
