initial_pose:
- orientation:
    w: 0.9942568449898536
    x: 0.0007929078328228689
    y: 0.000978906513831724
    z: -0.10701279937478571
  position:
    x: 0.027741823039697792
    y: -0.07861057880313008
    z: 0.037223909838816335
