initial_pose:
- orientation:
    w: 0.9999998243646784
    x: 6.939448843690464e-05
    y: 0.0005148641016254099
    z: -0.00028525422745510654
  position:
    x: -0.007188130303766117
    y: 0.0017972342190813939
    z: 0.037699979649491885
