initial_pose:
- orientation:
    w: 0.6725937015070655
    x: -0.0008329297190771749
    y: 0.00016838370503585387
    z: 0.7400114800244895
  position:
    x: 13.232306309962441
    y: 25.988168683569366
    z: 0.037699945551775825
