initial_pose:
- orientation:
    w: 0.6680373211806566
    x: -0.00153096540149455
    y: -0.00018036143187804944
    z: 0.7441261728527399
  position:
    x: 13.233432809095829
    y: 25.994308536472946
    z: 0.037699820820547875
