current_pose:
- orientation:
    w: 0.7415843088712907
    x: 0.0021772905388527737
    y: -0.006489301930589211
    z: 0.6708247619179343
  position:
    x: 5.587857722410307
    y: 3.806373756168026
    z: 0.037696467386823765
initial_pose:
- orientation:
    w: 0.6591918219885852
    x: 0.0006974725319899201
    y: -0.009412840440939834
    z: 0.7519155895379946
  position:
    x: 5.57326544809526
    y: 3.775518485054724
    z: 0.037693282762304305
