initial_pose:
- orientation:
    w: 0.9999999341802529
    x: 1.7101175814380217e-05
    y: 0.0003563527881346921
    z: 6.60282509187143e-05
  position:
    x: 0.0006894406595538456
    y: 0.000643666266978818
    z: 0.0376999904031061
