initial_pose:
- orientation:
    w: 0.999999880784481
    x: 3.249426304903248e-05
    y: 0.0004687415262287881
    z: -0.00013287786952356147
  position:
    x: -0.0012003882811748548
    y: 0.0003242091616205155
    z: 0.03769998335360302
