initial_pose:
- orientation:
    w: 0.9999187334805033
    x: 0.0010530440929286636
    y: 0.0009952988280247587
    z: -0.012665974622091387
  position:
    x: 0.018112843060049226
    y: -0.07797092597956196
    z: 0.03769984169606995
