current_pose:
- orientation:
    w: 0.9258605843955416
    x: 0.00614216603589062
    y: -0.005398364554875593
    z: 0.3777767988101788
  position:
    x: 3.050673760265862
    y: 5.10272850891892
    z: 0.03719889845567844
initial_pose:
- orientation:
    w: 0.8849419670759382
    x: 0.005253470992896473
    y: -0.00554029210123773
    z: 0.4656387238124948
  position:
    x: 2.998014710771184
    y: 5.025154087762409
    z: 0.03769560464792936
