current_pose:
- orientation:
    w: 0.988391256126046
    x: 0.00035823642758614754
    y: 0.0011287527415267513
    z: -0.15192538430916477
  position:
    x: 49.055001126187854
    y: 48.06396583883773
    z: 0.03678240176523674
initial_pose:
- orientation:
    w: 0.9999999518704279
    x: 1.5393022594268077e-05
    y: 0.0003089711343809441
    z: 2.364392003086757e-05
  position:
    x: 49.10887743633244
    y: 47.99950102210506
    z: 0.03769999278421193
