initial_pose:
- orientation:
    w: 0.9999999620758264
    x: 2.003945118430275e-05
    y: 0.00021145265114577732
    z: 0.00017531269900977203
  position:
    x: 0.0009323128207115938
    y: 0.00013203380071749666
    z: 0.03769999659841922
