initial_pose:
- orientation:
    w: 0.9999997810198317
    x: 1.6084833278893278e-05
    y: 0.0006125948692387651
    z: 0.0002498581457112183
  position:
    x: -0.04000314317929981
    y: -0.0026252885237891843
    z: 0.03769997168494784
