current_pose:
- orientation:
    w: 0.8316608939023067
    x: -0.0004602144684737881
    y: -0.0007949634899938046
    z: 0.5552830933760804
  position:
    x: 13.057898640660035
    y: 25.87561023619584
    z: 0.036540174347841195
initial_pose:
- orientation:
    w: 0.6725331617829907
    x: -0.0023198010242794324
    y: -0.001143794689923084
    z: 0.7400624680113759
  position:
    x: 13.233241141342383
    y: 25.985259746178844
    z: 0.03769949559337139
