initial_pose:
- orientation:
    w: 0.9999972863989942
    x: -0.002144918098191913
    y: 0.0008914055153429494
    z: 0.00017865387520789655
  position:
    x: 49.10834243219942
    y: 48.000645185081446
    z: 0.03769959319608097
