initial_pose:
- orientation:
    w: 0.9999999067746321
    x: 5.5367494901947555e-05
    y: 0.0004229113565322469
    z: -6.731383279796115e-05
  position:
    x: -0.015368099645743318
    y: 0.00261903287459333
    z: 0.03769998628326404
