initial_pose:
- orientation:
    w: 0.9999999096507233
    x: 4.0326157007114646e-05
    y: 0.0003971535299286892
    z: -0.00014608702893608423
  position:
    x: 0.0004474303258705667
    y: 0.00047915102170280826
    z: 0.03769998798447275
