initial_pose:
- orientation:
    w: 0.9999998623122355
    x: 2.4259155981275526e-05
    y: 0.0005241858839751173
    z: -4.020269365943602e-06
  position:
    x: -0.0003276200542023088
    y: 0.0018392408314626956
    z: 0.03769997923790518
