initial_pose:
- orientation:
    w: 0.9999998249392752
    x: 1.3044070021004563e-05
    y: 0.0005909072742882168
    z: 2.7926052148885287e-05
  position:
    x: 49.106589336563296
    y: 47.999552282487166
    z: 0.03769997365964678
- orientation:
    w: 0.42747564400211807
    x: -0.005971880947495154
    y: -0.013359323303251408
    z: 0.9039084239588668
  position:
    x: 74.27904753876089
    y: 50.08433431886622
    z: 0.03806450581874417
