initial_pose:
- orientation:
    w: 0.6707208915659064
    x: -0.001232410659915861
    y: 0.00044078519168865265
    z: 0.741708684383172
  position:
    x: 13.225823469990624
    y: 25.97844416361806
    z: 0.037699870830177465
- orientation:
    w: 0.6706451332443729
    x: -0.0009470124572418288
    y: 0.0006503876636694663
    z: 0.7417774500609532
  position:
    x: 13.222585296842174
    y: 25.979191647124633
    z: 0.037699900484312286
