initial_pose:
- orientation:
    w: 0.999999904953361
    x: 6.169871237496807e-05
    y: 0.0004313220835168842
    z: 1.5741606120241804e-05
  position:
    x: -0.010811626008908976
    y: 0.0019229437822266462
    z: 0.037699985685651506
