current_pose:
- orientation:
    w: 0.997630302247273
    x: 0.0006261634222465905
    y: 0.0010506153151782914
    z: -0.06879159952234616
  position:
    x: -0.011041421392612806
    y: 0.08627641814106325
    z: 0.03769988721116284
initial_pose:
- orientation:
    w: 0.9999998973209708
    x: 3.483931767547715e-05
    y: 0.00043502975488988175
    z: -0.0001220384456381393
  position:
    x: -0.0014196957049819239
    y: 0.0006762013479846453
    z: 0.037699985638964206
