initial_pose:
- orientation:
    w: 0.9999970987019402
    x: -0.002288735309285897
    y: 0.0006943817991709213
    z: 0.00028655244390159726
  position:
    x: 49.109467573146716
    y: 47.99824158283086
    z: 0.03769956867615491
