initial_pose:
- orientation:
    w: 0.6725393734118782
    x: -0.002109342148443263
    y: -0.0009394176862113547
    z: 0.7400577405722273
  position:
    x: 13.233044045943998
    y: 25.98273579303451
    z: 0.03769959798002641
