current_pose:
- orientation:
    w: 0.9952776083223255
    x: 0.00046816856841277186
    y: 0.0010394878992639623
    z: -0.09706277687811368
  position:
    x: -0.0468581796744899
    y: 0.015908717627782926
    z: 0.037699902001345646
initial_pose:
- orientation:
    w: 0.9999998760699802
    x: 5.5717922517755256e-05
    y: 0.0004596430823023155
    z: 0.000182985721524563
  position:
    x: -0.01945889407196712
    y: -0.00040596662017822064
    z: 0.03769998383603075
