initial_pose:
- orientation:
    w: 0.6726221573881948
    x: -0.002251940632751747
    y: -0.0010045262663212658
    z: 0.7399819951058387
  position:
    x: 13.23618462534616
    y: 25.982126879617724
    z: 0.03769954154465366
