current_pose:
- orientation:
    w: 0.7720398187588664
    x: -0.0014840400754478464
    y: 0.0007194236223726206
    z: 0.6355720244830501
  position:
    x: 13.09624594594282
    y: 25.856813651333333
    z: 0.03770032948465294
initial_pose:
- orientation:
    w: 0.6726060037174043
    x: -0.002368988495233958
    y: -0.0007462368410816343
    z: 0.7399966180918596
  position:
    x: 13.23647063357003
    y: 25.98949986860581
    z: 0.03769953485921612
