initial_pose:
- orientation:
    w: 0.9999998568048513
    x: 5.2072292005827727e-05
    y: 0.0005141258737721002
    z: -0.00013911627947064248
  position:
    x: 8.369570197324343e-05
    y: 0.0009289055530498716
    z: 0.0376999798654149
