initial_pose:
- orientation:
    w: 0.9999998379303016
    x: 5.774369462591425e-05
    y: 0.0005647445442560278
    z: 4.322772451749633e-05
  position:
    x: -0.0023654834475462677
    y: -4.934571789938699e-06
    z: 0.03769997570078661
