initial_pose:
- orientation:
    w: -0.03920826512679242
    x: 0.00045536941479731006
    y: -0.00011518619823968867
    z: 0.9992309499392936
  position:
    x: 0.010640961166956099
    y: -0.0012362238123853713
    z: 0.03769998336456101
