initial_pose:
- orientation:
    w: 0.9999998614063288
    x: 1.3744505796006387e-05
    y: 0.0005192523770750682
    z: 8.588003641393397e-05
  position:
    x: -0.04051364322051325
    y: -0.0047495594682001015
    z: 0.03769997965617953
