initial_pose:
- orientation:
    w: 0.9999999999842994
    x: 3.709249312991846e-06
    y: 4.200296643789127e-06
    z: -1.5579947440581385e-11
  position:
    x: 3.167023669323704e-07
    y: -2.796773982001283e-07
    z: 0.037699999997632364
