initial_pose:
- orientation:
    w: 0.6716435887781018
    x: -0.0015505152714592994
    y: -0.0002890672197238788
    z: 0.7408727299582619
  position:
    x: 13.235618294317124
    y: 25.9865272768345
    z: 0.03769981243062718
