current_pose:
- orientation:
    w: 0.9917695534750948
    x: 0.0006109273657504229
    y: 0.0007088632461821417
    z: 0.128032328263072
  position:
    x: -0.013928479611021916
    y: 0.009337207353880444
    z: 0.036813661739178605
initial_pose:
- orientation:
    w: 0.9999997997177031
    x: 5.422504080909618e-05
    y: 0.0006303633038120118
    z: -1.631881267810547e-05
  position:
    x: 0.0022138491881888737
    y: 0.0009113206542241976
    z: 0.03769996981751196
