initial_pose:
- orientation:
    w: 0.9999999399461558
    x: 8.013935383189098e-05
    y: 0.0002980572742959859
    z: -0.00015763004176764153
  position:
    x: 0.0015171797550832759
    y: 0.0002301298758203522
    z: 0.03769999281736171
