initial_pose:
- orientation:
    w: 0.9999890471397397
    x: -0.002346039010260666
    y: 0.00255301339823664
    z: 0.003143854975403352
  position:
    x: 49.14990253351064
    y: 47.99951135031767
    z: 0.03769909355805573
