current_pose:
- orientation:
    w: 0.9968496864257388
    x: 1.69165741706357e-05
    y: 0.0010269957159399713
    z: -0.07930729894867913
  position:
    x: -0.014158128613149742
    y: -0.02768678713146368
    z: 0.03688449567541789
initial_pose:
- orientation:
    w: 0.9999998873591056
    x: 5.243342032717941e-05
    y: 0.0004716378908445075
    z: 9.49802601852584e-06
  position:
    x: -0.0027844622706634883
    y: -0.0007561539798617185
    z: 0.0376999830205561
