initial_pose:
- orientation:
    w: 0.9999998408702988
    x: 7.3457847562169e-05
    y: -0.0005444952451570504
    z: 0.00012801659894103176
  position:
    x: -0.10720480386112304
    y: 0.003984041698760377
    z: 0.03769997723891699
