initial_pose:
- orientation:
    w: 0.9999973207629429
    x: -0.002243931273593005
    y: 0.0005077139491517964
    z: 0.0002558630906090075
  position:
    x: 49.1509726325412
    y: 47.99823788843418
    z: 0.03769960090772348
