initial_pose:
- orientation:
    w: 0.6727290608580387
    x: -0.0037132110981357054
    y: -0.003640196955319255
    z: 0.7398706452526201
  position:
    x: 13.24265979926385
    y: 25.97891920855628
    z: 0.03769796126162183
