initial_pose:
- orientation:
    w: 0.9999998820796112
    x: 4.4979140932993605e-05
    y: 0.0004819546241569386
    z: -3.920944812425e-05
  position:
    x: -0.01782996117757268
    y: 0.0012185847882699495
    z: 0.03769998233352493
