current_pose:
- orientation:
    w: 0.9766569796296016
    x: 0.0006955143714904025
    y: 0.0007283847991930053
    z: 0.2148025368940675
  position:
    x: 49.16536297053053
    y: 47.91839646791344
    z: 0.03699597206262756
initial_pose:
- orientation:
    w: 0.9999998160998336
    x: 2.7056623648852473e-05
    y: 0.00060535890755812
    z: 2.4674505962194655e-05
  position:
    x: 49.11793663626584
    y: 47.99826589898109
    z: 0.03769997231376332
