initial_pose:
- orientation:
    w: 0.999997582933151
    x: 0.00036238732599323505
    y: 0.0011598515659998053
    z: 0.0018323612162099324
  position:
    x: -0.38977572017330514
    y: 0.005543236813055834
    z: 0.03769988866585072
