image: sh.png
#resolution: 0.014250
resolution: 0.016420
#origin: [-4.0, -3.000000, 0.000000]
origin: [0.000000, 0.000000, 0.000000]
negate: 0
occupied_thresh: 0.65
free_thresh: 0.25

