image: akskR3.png
resolution: 0.082
origin: [0.000000, 0.00000, 0.000000]
negate: 0  #1
occupied_thresh: 0.2  #0.65
free_thresh: 0.196

