image: akskR1.png
resolution: 0.085714  #0.085970
origin: [0.0000, 0.0000, 0.000000]
negate: 0  #1
occupied_thresh: 0.2  #0.65
free_thresh: 0.196

